proj:       3
zone:       0
north:      20:27:35.499998S
south:      20:29:23.499998S
east:       148:53:59.500003E
west:       148:52:11.500003E
cols:       108
rows:       108
e-w resol:  0:00:01
n-s resol:  0:00:01
format:     -1
compressed: 2
